13738 14734 15885 
16263 11528 13815 
16296 11267 14615 
14355 10921 16596 
15167 12158 15815 
13868 15290 14807 
14227 14438 16496 
13970 15509 13713 
16210 12611 13400 
13060 14562 15926 
12294 14760 16166 
11839 15138 15914 
15109 14949 15344 
14925 15058 15132 
15767 13166 14006 
12837 14817 15912 
14869 13438 16540 
14767 14564 15919 
15797 12843 14731 
15731 13463 15052 
15678 13822 15625 
15423 13588 15814 
12518 14853 15742 
14445 13974 16038 
12758 12588 17005 
13668 15215 15508 
16188 12329 14570 
15121 12386 15831 
14880 14230 15565 
15961 12264 15093 
15765 11902 15437 
14545 14764 15876 
13778 12467 17046 
16003 11703 14692 
10904 15557 13897 
16065 11453 15853 
15509 14215 15231 
14226 15119 14745 
14896 13983 15610 
14896 13983 15610 
15226 14052 15509 
14091 13523 16871 
13930 15024 15288 
15350 11415 16111 
13111 15573 13673 
15950 12606 14227 
15950 12606 14227 
14291 11961 16557 
14226 13283 16900 
13390 15252 15058 
12868 15305 14022 
15097 13596 15878 
14873 12437 16208 
14345 11806 16636 
12411 12732 17133 
16161 12659 14170 
13776 14895 15468 
13388 14766 15574 
12806 15447 15022 
15084 13056 16192 
15521 12515 15642 
15110 14068 15325 
15765 12660 14870 
13806 13789 16610 
14732 13887 16489 
14188 13746 16664 
14913 13974 16027 
14219 15132 13619 
15746 12718 15232 
15771 12538 15359 
13260 14912 15604 
